0.07110905647277832
0.1067039966583252
0.02797389030456543
0.27569007873535156
0.058673858642578125
0.05931401252746582
0.04455900192260742
0.028776884078979492
0.02654099464416504
0.04314899444580078
0.026698827743530273
0.06557297706604004
0.02807784080505371
0.07925200462341309
0.03803396224975586
0.042945146560668945
0.019036054611206055
0.04585123062133789
0.022475004196166992
0.021579980850219727
0.02415299415588379
0.046518802642822266
0.01786017417907715
0.021661043167114258
0.04532790184020996
0.07561016082763672
0.029240846633911133
0.04372096061706543
0.03519606590270996
0.028007030487060547
0.0361788272857666
0.01625800132751465
0.0821068286895752
0.035227060317993164
0.024650096893310547
0.02867603302001953
0.01474905014038086
0.01879096031188965
0.041192054748535156
0.046111106872558594
0.07091403007507324
0.02704596519470215
0.038076162338256836
0.03170299530029297
0.0576629638671875
0.07158207893371582
0.09325408935546875
0.10563898086547852
0.02506399154663086
0.03968191146850586
0.03432297706604004
0.05117297172546387
0.0914909839630127
0.06363677978515625
0.019433975219726562
0.021170854568481445
0.07062387466430664
0.3021218776702881
0.03204083442687988
0.05747795104980469
0.03658103942871094
0.04680514335632324
0.022825956344604492
0.039810895919799805
0.031417131423950195
0.03520607948303223
0.027763843536376953
0.026910066604614258
0.02202296257019043
0.03892993927001953
0.02684807777404785
0.022346973419189453
0.04470396041870117
0.06046295166015625
0.13895392417907715
0.030250072479248047
0.025146007537841797
0.05918717384338379
0.03953909873962402
0.07406115531921387
0.3119688034057617
0.02802300453186035
0.07445311546325684
0.033863067626953125
0.05756711959838867
0.04382920265197754
0.04973602294921875
0.18497395515441895
0.017529964447021484
0.03592991828918457
0.07925009727478027
0.021158218383789062
0.16698312759399414
0.03943586349487305
0.029002904891967773
0.12367582321166992
0.018759965896606445
0.026455163955688477
0.020340919494628906
0.05463600158691406
0.027926921844482422
0.03871297836303711
0.02536487579345703
0.046907901763916016
0.04273104667663574
0.06365513801574707
0.041150808334350586
0.0376129150390625
0.03288698196411133
0.028948068618774414
0.21892714500427246
0.05035090446472168
0.07983613014221191
0.2659130096435547
0.028933048248291016
0.0403590202331543
0.10019588470458984
0.08564400672912598
0.04845094680786133
0.12601089477539062
0.14151692390441895
0.06390881538391113
0.16926908493041992
0.04146909713745117
0.054865121841430664
0.13460898399353027
0.6411159038543701
0.038023948669433594
0.06867694854736328
0.08336806297302246
0.0709829330444336
0.04428696632385254
0.13648700714111328
0.48494696617126465
0.16028690338134766
0.03610992431640625
0.05835604667663574
0.03821110725402832
0.09875297546386719
0.103363037109375
0.02681112289428711
0.12514114379882812
0.04563403129577637
0.045181989669799805
0.03755903244018555
0.0331418514251709
0.04619193077087402
0.035379886627197266
0.056437015533447266
0.021230220794677734
0.037364959716796875
0.021576881408691406
0.027540922164916992
0.035127878189086914
0.029062986373901367
0.04027581214904785
0.04764294624328613
0.027114152908325195
0.033049821853637695
0.017879009246826172
0.02261209487915039
0.042532920837402344
0.12292218208312988
0.029928922653198242
0.03311300277709961
0.015079975128173828
0.0496978759765625
0.04718804359436035
0.025181055068969727
0.1760098934173584
0.02361893653869629
0.04654288291931152
0.025002002716064453
0.05872297286987305
0.2725679874420166
0.3430750370025635
0.022719860076904297
0.03317594528198242
0.13389897346496582
0.12098407745361328
0.04087209701538086
0.12793278694152832
0.030745983123779297
0.05213594436645508
0.028636932373046875
0.029970884323120117
0.031096935272216797
0.09651589393615723
0.025073766708374023
0.1595919132232666
0.9841299057006836
0.44894909858703613
0.04967212677001953
0.13885092735290527
0.044528961181640625
0.02522897720336914
0.04826188087463379
0.034088134765625
0.02021479606628418
0.02073192596435547
0.030711889266967773
0.08771514892578125
0.019725799560546875
0.012404918670654297
0.47614002227783203
0.4726860523223877
0.16209888458251953
0.23603391647338867
0.17078280448913574
0.4052751064300537
0.5624048709869385
0.0426630973815918
0.025029897689819336
0.1571788787841797
0.05135083198547363
0.0574800968170166
0.027228116989135742
0.03710007667541504
0.03132510185241699
0.030241012573242188
0.046293020248413086
0.022995948791503906
0.036045074462890625
0.044584035873413086
0.01759195327758789
0.11569094657897949
0.04774594306945801
0.033866167068481445
0.02725386619567871
0.09815406799316406
0.12447881698608398
0.11252593994140625
0.05089879035949707
0.2630009651184082
0.02889394760131836
0.030404090881347656
0.0805659294128418
0.04292702674865723
0.027898073196411133
0.182142972946167
0.03344583511352539
0.08923792839050293
0.14463496208190918
0.12962579727172852
0.1540679931640625
0.07640314102172852
0.11643195152282715
0.15859508514404297
0.03965902328491211
0.042877912521362305
0.1846930980682373
0.04954099655151367
0.05603909492492676
0.05908703804016113
0.022702932357788086
0.08293390274047852
0.10135412216186523
0.02639913558959961
0.09452295303344727
0.0975489616394043
0.05128288269042969
0.5561110973358154
0.04531598091125488
0.06083202362060547
0.08199000358581543
0.048568010330200195
0.01753091812133789
0.046320199966430664
0.04934406280517578
0.029891014099121094
0.030421972274780273
0.06323099136352539
0.02295708656311035
0.035958051681518555
0.07823920249938965
0.03536796569824219
0.031037092208862305
0.019283056259155273
0.017860889434814453
0.030436038970947266
0.044680118560791016
0.11481809616088867
0.02086019515991211
0.022130966186523438
0.02376699447631836
0.03192305564880371
0.041892051696777344
0.06803703308105469
0.026766061782836914
0.026247024536132812
0.03325200080871582
0.04582405090332031
0.021630048751831055
0.0706629753112793
0.03040599822998047
0.030310869216918945
0.02460789680480957
0.029035091400146484
0.03419804573059082
0.015722990036010742