0.587381124496
0.598973989487
0.714914083481
0.646157979965
0.575906038284
0.68331193924
0.628401994705
0.917584896088
0.700044870377
0.880099058151
1.06816482544
0.674373865128
0.802215099335
0.74089217186
0.95802116394
0.76381611824
0.700416088104
0.689456939697
0.601130962372
0.621772050858
0.598050117493
0.635660171509
0.560118913651
0.751306056976
0.890089035034
0.671508073807
0.819278001785
0.701847076416
0.732055187225
0.730931997299
0.682132005692
0.756083965302
0.761936903
0.771005153656
0.691242933273
0.730244874954
0.676034927368
0.805599927902
0.620376110077
0.66558599472
0.703337907791
0.628244876862
0.747955083847
0.755699872971
0.695158958435
0.781524896622
0.690468788147
0.690690994263
0.946290969849
0.719921827316
0.681794881821
0.667645931244
0.613573074341
0.734825849533
0.672902822495
0.79092001915
0.70401597023
0.651195049286
0.761590957642
0.656124830246
1.38996100426
0.857834815979
0.653844833374
0.671481847763
0.59249997139
0.709969997406
0.554641962051
0.587549209595
0.620450973511
0.521501064301
0.644413232803
0.650897026062
0.576786994934
0.714841127396
0.578243017197
0.647083044052
0.592730998993
0.639189004898
0.565639019012
0.544970035553
0.661351919174
0.654205083847
0.499359130859
0.702597141266
0.660634994507
0.607844114304
0.706122159958
0.855808973312
0.611572980881
0.75257897377
0.687110185623
0.661858081818
0.756458044052
0.522800922394
0.608365058899
0.927092075348
0.698067903519
0.71077299118
0.703649044037
0.617410182953
0.606642961502
0.596240997314
0.720288991928
0.674300909042
0.579546928406
0.586351156235
0.755429029465
0.599424123764
0.74525308609
0.680902004242
0.638518095016
0.595117807388
0.776152133942
0.67621588707
0.536563873291
0.62889790535
0.681562185287
0.681766986847
0.763826847076
0.720785140991
0.642565965652
0.750999927521
0.635407924652
0.603823900223
0.731892108917
0.660611152649
0.795487165451
0.802895069122
0.988544940948
0.969619989395
0.843240022659
0.693194150925
0.672845125198
0.734350204468
0.711925029755
0.721344947815
0.697645902634
0.683621168137
0.638053178787
0.71461391449
0.735775947571
0.663699150085
0.91100692749
0.766283988953
0.85017323494
0.628096103668
0.67801117897
0.777183055878
0.512161970139
0.710378170013
0.957701206207
0.682808160782
0.683724164963
0.623190879822
0.677692890167
0.718266010284
0.769834041595
0.856726169586
0.826092004776
0.794943094254
0.646734952927
0.743362903595
0.689431190491
0.746069908142
0.557197093964
0.669602870941
0.721451997757
0.623680830002
0.766534805298
0.664119005203
0.729253053665
0.851165056229
0.646254062653
0.674139022827
0.863699913025
0.627810001373
0.746787786484
0.837038993835
0.607758045197
0.776830911636
0.646192073822
1.1794500351
0.713911771774
0.873290061951
0.846794843674
0.622058153152
0.786368846893
0.69104385376
0.651520013809
0.725955963135
0.665205955505
0.679793834686
0.641029119492
0.729699850082
0.783356904984
0.63906121254
0.579801082611
0.554324150085
0.749008893967
0.741168022156
0.815096855164
0.73991894722
0.691675901413
0.723551988602
0.685531139374
0.729249000549
0.681984901428
0.722318172455
0.741578102112
0.706210851669
0.656744003296
0.729325771332
0.677599906921
0.713317871094
0.647293806076
0.674941062927
0.953616142273
0.671355962753
0.770498991013
0.753576993942
0.943007946014
0.67599105835
0.793488025665
0.730110168457
0.747364997864
0.750709056854
0.713545799255
0.577664136887
0.645190000534
0.659664869308
0.641098976135
0.640679836273
0.648555040359
1.13498210907
0.880176782608
0.765197992325
0.693965911865
0.625766038895
0.697737932205
0.811743974686
0.758253097534
0.584650993347
0.69337105751
0.695070981979
0.704549074173
0.788022041321
0.596728086472
0.635117769241
0.627202987671
0.594186067581
0.747929811478
0.69744515419
0.635638952255
0.721822977066
0.722799062729
0.745595932007
0.750925064087
0.723795890808
0.715138912201
0.784651994705
0.836292982101
0.67009305954
0.694932937622
0.57932305336
0.690092802048
0.678387880325
0.520905017853
0.662815093994
0.689666032791
0.760837078094
0.953531980515
0.67653799057
0.713209152222
0.721153974533
0.861548900604
1.27017092705
2.38052201271
0.920408964157
1.26732492447
1.16844201088
1.31062984467
0.992835044861
1.26999807358
1.28431797028
1.10433101654
1.20734190941
1.45805597305
1.06190299988
0.837728023529
1.25962805748
0.661161899567
1.15895485878
0.740051984787
0.693424940109
0.858515977859
0.765053987503
0.732141017914
0.780524015427
0.755452871323
0.693271875381
