0.005728006362915039
0.011373043060302734
0.00658416748046875
0.008029937744140625
0.010926961898803711
0.006891965866088867
0.00873422622680664
0.008409976959228516
0.016469955444335938
0.00506901741027832
0.012011051177978516
0.010351181030273438
0.009599924087524414
0.005376100540161133
0.00872492790222168
0.0047991275787353516
0.015857934951782227
0.004884958267211914
0.00896906852722168
0.006701946258544922
0.007433891296386719
0.006494998931884766
0.008504152297973633
0.007338047027587891
0.006508827209472656
0.005676984786987305
0.0066568851470947266
0.007184028625488281
0.010092973709106445
0.012228965759277344
0.014761924743652344
0.008049964904785156
0.006720066070556641
0.005373954772949219
0.009352922439575195
0.008608102798461914
0.012906074523925781
0.006646871566772461
0.011559009552001953
0.005483865737915039
0.006770133972167969
0.027842998504638672
0.014264106750488281
0.006947040557861328
0.004781961441040039
0.027395963668823242
0.005219936370849609
0.005633115768432617
0.005145072937011719
0.006912946701049805
0.005582094192504883
0.006120920181274414
0.0073740482330322266
0.004820108413696289
0.008624076843261719
0.009984970092773438
0.006214141845703125
0.005863189697265625
0.005909919738769531
0.009613037109375
0.02777385711669922
0.007009983062744141
0.004475116729736328
0.005011796951293945
0.0049359798431396484
0.007766008377075195
0.013554096221923828
0.011123895645141602
0.005146980285644531
0.005719184875488281
0.01305389404296875
0.00568079948425293
0.007884979248046875
0.018632888793945312
0.0057828426361083984
0.016108036041259766
0.010104894638061523
0.008864164352416992
0.0070378780364990234
0.00768280029296875
0.011188030242919922
0.006994962692260742
0.00844883918762207
0.006678104400634766
0.006320953369140625
0.004695892333984375
0.014019012451171875
0.008268117904663086
0.005918025970458984
0.01425313949584961
0.007782936096191406
0.014348983764648438
0.0056879520416259766
0.006479978561401367
0.005621910095214844
0.0051898956298828125
0.009004831314086914
0.0059528350830078125
0.012584924697875977
0.004294872283935547
0.01101994514465332
0.008878946304321289
0.010413885116577148
0.007036924362182617
0.00598597526550293
0.010987043380737305
0.004155874252319336
0.006284952163696289
0.009476184844970703
0.004565000534057617
0.015115976333618164
0.010509014129638672
0.016854047775268555
0.008630990982055664
0.005522012710571289
0.0070648193359375
0.0071179866790771484
0.008181095123291016
0.007060050964355469
0.014499187469482422
0.017800092697143555
0.005823850631713867
0.011713027954101562
0.00851297378540039
0.007772922515869141
0.007885932922363281
0.013386964797973633
0.01402592658996582
0.005033016204833984
0.015145063400268555
0.005244016647338867
0.01910686492919922
0.004467964172363281
0.05205488204956055
0.012210845947265625
0.006485939025878906
0.02092909812927246
0.005543947219848633
0.011482000350952148
0.005778074264526367
0.01254582405090332
0.006635904312133789
0.006846904754638672
0.02483391761779785
0.006871938705444336
0.006382942199707031
0.006667137145996094
0.011498212814331055
0.013339042663574219
0.16820192337036133
0.017187833786010742
0.02799201011657715
0.005081892013549805
0.012768983840942383
0.005563974380493164
0.015173912048339844
0.00650787353515625
0.007812976837158203
0.00491786003112793
0.004530906677246094
0.014680862426757812
0.005342960357666016
0.006700038909912109
0.006721019744873047
0.007566928863525391
0.005092144012451172
0.0060269832611083984
0.0045850276947021484
0.025549888610839844
0.02230215072631836
0.009617090225219727
0.006050825119018555
0.013283014297485352
0.01819896697998047
0.009161949157714844
0.006804227828979492
0.0057828426361083984
0.005445957183837891
0.015258073806762695
0.009443044662475586
0.0060999393463134766
0.013058185577392578
0.0059070587158203125
0.019280195236206055
0.006289958953857422
0.007491111755371094
0.005713939666748047
0.0050241947174072266
0.005364894866943359
0.00710606575012207
0.011921167373657227
0.008010149002075195
0.00623011589050293
0.013916015625
0.004160881042480469
0.004878997802734375
0.00873112678527832
0.009217977523803711
0.004847049713134766
0.009516000747680664
0.011925935745239258
0.010479927062988281
0.00504612922668457
0.0053501129150390625
0.00541996955871582
0.01462697982788086
0.006721973419189453
0.011674165725708008
0.011178016662597656
0.008954048156738281
0.016391992568969727
0.0059850215911865234
0.007091045379638672
0.005300045013427734
0.004960060119628906
0.00838613510131836
0.006440162658691406
0.006440877914428711
0.009690046310424805
0.005584001541137695
0.0057489871978759766
0.005751848220825195
0.01010584831237793
0.00787806510925293
0.020307064056396484
0.006106138229370117
0.0055048465728759766
0.00666499137878418
0.009855985641479492
0.006011009216308594
0.011726140975952148
0.016887903213500977
0.007229804992675781
0.009192943572998047
0.006269931793212891
0.02001214027404785
0.007864952087402344
0.005667924880981445
0.0048999786376953125
0.00829005241394043
0.006022930145263672
0.010035991668701172
0.006382942199707031
0.006251096725463867
0.006991147994995117
0.008091926574707031
0.006461143493652344
0.005145072937011719
0.012979984283447266
0.005422115325927734
0.006021022796630859
0.007710933685302734
0.00649714469909668
0.010181903839111328
0.006657123565673828
0.016549110412597656
0.004884958267211914
0.013200998306274414
0.010925054550170898
0.0050809383392333984
0.009173870086669922
0.008069992065429688
0.009099006652832031
0.008571147918701172
0.007222175598144531
0.0076618194580078125
0.005110025405883789
0.010069847106933594
0.0051059722900390625
0.005525112152099609
0.006190061569213867
0.015006065368652344
0.005732059478759766
0.005290985107421875
0.010074853897094727
0.008542060852050781
0.006392955780029297
0.007322072982788086
0.007218122482299805
0.008120059967041016
0.0042150020599365234
0.005995035171508789
0.009174823760986328
0.008558988571166992
0.010951995849609375
0.0041239261627197266
0.01340794563293457
0.009360074996948242
0.008133888244628906
0.006742954254150391
0.005625009536743164
0.013099908828735352
0.008294105529785156
0.005652904510498047
0.006911039352416992
0.0065500736236572266
0.007683992385864258
0.008360862731933594
0.007025003433227539
0.0074579715728759766