0.004064083099365234
0.0009250640869140625
0.0006120204925537109
0.0015690326690673828
0.0010340213775634766
0.000888824462890625
0.00044989585876464844
0.0007789134979248047
0.001138925552368164
0.0006971359252929688
0.0007708072662353516
0.0011210441589355469
0.00067901611328125
0.04462695121765137
0.0064389705657958984
0.012512922286987305
0.002295970916748047
0.0024089813232421875
0.008884191513061523
0.0008330345153808594
0.0007331371307373047
0.0011339187622070312
0.0006480216979980469
0.002407073974609375
0.017223119735717773
0.0007579326629638672
0.0007460117340087891
0.004902839660644531
0.0005929470062255859
0.0010459423065185547
0.0006451606750488281
0.0024509429931640625
0.0011091232299804688
0.0006449222564697266
0.003921031951904297
0.0005331039428710938
0.008290767669677734
0.0006561279296875
0.0011050701141357422
0.0404820442199707
0.010679960250854492
0.000949859619140625
0.005742073059082031
0.0011930465698242188
0.0016808509826660156
0.004621028900146484
0.0010380744934082031
0.0007131099700927734
0.0007200241088867188
0.0006330013275146484
0.003423929214477539
0.0017571449279785156
0.0010142326354980469
0.0008990764617919922
0.0006310939788818359
0.0019559860229492188
0.0008862018585205078
0.002064943313598633
0.0005800724029541016
0.005030155181884766
0.005048990249633789
0.004908084869384766
0.005692005157470703
0.019845008850097656
0.0006320476531982422
0.0006849765777587891
0.0009768009185791016
0.0039920806884765625
0.0011501312255859375
0.0012340545654296875
0.0007619857788085938
0.0016379356384277344
0.008094072341918945
0.017348051071166992
0.0020599365234375
0.0019769668579101562
0.0004930496215820312
0.0005230903625488281
0.00633692741394043
0.009379863739013672
0.0004630088806152344
0.0014798641204833984
0.09722280502319336
0.007299184799194336
0.013689994812011719
0.011876106262207031
0.016987085342407227
0.0005588531494140625
0.0026428699493408203
0.0009448528289794922
0.009720087051391602
0.0029900074005126953
0.0006508827209472656
0.0017240047454833984
0.0006730556488037109
0.0011191368103027344
0.0040090084075927734
0.0006670951843261719
0.0006530284881591797
0.0005459785461425781
0.0005240440368652344
0.0006101131439208984
0.0006740093231201172
0.011934041976928711
0.000993967056274414
0.0016498565673828125
0.00546717643737793
0.000985860824584961
0.0068359375
0.0010151863098144531
0.0004031658172607422
0.0004761219024658203
0.0014309883117675781
0.0006148815155029297
0.022993087768554688
0.0005249977111816406
0.011447906494140625
0.0010721683502197266
0.002529144287109375
0.0012562274932861328
0.013191938400268555
0.0005669593811035156
0.0008399486541748047
0.011519908905029297
0.019665956497192383
0.0010688304901123047
0.000720977783203125
0.02469182014465332
0.0043599605560302734
0.009217023849487305
0.00046896934509277344
0.006703853607177734
0.0008909702301025391
0.001722097396850586
0.0006020069122314453
0.0005137920379638672
0.0006239414215087891
0.0016150474548339844
0.0014719963073730469
0.005878925323486328
0.0013878345489501953
0.006475925445556641
0.0010499954223632812
0.0005109310150146484
0.000946044921875
0.0014219284057617188
0.0018799304962158203
0.0015439987182617188
0.018388032913208008
0.0011661052703857422
0.0008170604705810547
0.0007259845733642578
0.005319833755493164
0.00433802604675293
0.0004851818084716797
0.0005869865417480469
0.0007271766662597656
0.01058506965637207
0.0008590221405029297
0.0008871555328369141
0.0009949207305908203
0.0008161067962646484
0.012434005737304688
0.0005168914794921875
0.0006279945373535156
0.0007700920104980469
0.0006520748138427734
0.0008449554443359375
0.005571842193603516
0.006118059158325195
0.003587007522583008
0.0015070438385009766
0.008549928665161133
0.0022292137145996094
0.0004050731658935547
0.0005071163177490234
0.0014758110046386719
0.0063190460205078125
0.014358043670654297
0.0008728504180908203
0.003077983856201172
0.0020248889923095703
0.027292966842651367
0.0013349056243896484
0.0010509490966796875
0.0008649826049804688
0.00882411003112793
0.0011439323425292969
0.005738019943237305
0.0021190643310546875
0.0005321502685546875
0.07244181632995605
0.0008649826049804688
0.001255035400390625
0.006592988967895508
0.0010120868682861328
0.004770040512084961
0.00446009635925293
0.006359100341796875
0.0010380744934082031
0.00628209114074707
0.0006868839263916016
0.0013778209686279297
0.01860189437866211
0.0010139942169189453
0.0005578994750976562
0.0004420280456542969
0.09190797805786133
0.0009021759033203125
0.0011010169982910156
0.001360177993774414
0.0006780624389648438
0.0006580352783203125
0.0004551410675048828
0.004281044006347656
0.0014960765838623047
0.0034329891204833984
0.0006940364837646484
0.0014748573303222656
0.006660938262939453
0.0011551380157470703
0.01585698127746582
0.0011320114135742188
0.0005109310150146484
0.002710103988647461
0.0007288455963134766
0.018213987350463867
0.010418891906738281
0.0005540847778320312
0.0006630420684814453
0.0020079612731933594
0.0043408870697021484
0.0005419254302978516
0.0025339126586914062
0.0006499290466308594
0.0005269050598144531
0.0010328292846679688
0.0007009506225585938
0.0052089691162109375
0.0006220340728759766
0.0022389888763427734
0.0005750656127929688
0.002833843231201172
0.0005130767822265625
0.0004119873046875
0.0008218288421630859
0.0007979869842529297
0.0006680488586425781
0.0005528926849365234
0.007400035858154297
0.0011568069458007812
0.0009260177612304688
0.000762939453125
0.0065500736236572266
0.0037729740142822266
0.0012328624725341797
0.0025360584259033203
0.0007169246673583984
0.0033140182495117188
0.0029230117797851562
0.0007181167602539062
0.008308172225952148
0.0005741119384765625
0.0006129741668701172
0.0010180473327636719
0.00576019287109375
0.0033380985260009766
0.0006039142608642578
0.0077130794525146484
0.0011930465698242188
0.0054209232330322266
0.0012431144714355469
0.00886988639831543
0.006411075592041016
0.0012001991271972656
0.002978086471557617
0.005430936813354492
0.004225015640258789
0.008122920989990234
0.0003829002380371094
0.008302927017211914
0.0006868839263916016
0.0007979869842529297
0.00042700767517089844
0.001074075698852539
0.0004100799560546875
0.0006320476531982422
0.004614830017089844
0.007040977478027344
0.0010600090026855469
0.0005578994750976562
0.0030319690704345703
0.0012941360473632812
0.0008120536804199219
0.06302690505981445
0.009449005126953125
0.01279902458190918
0.0030968189239501953
0.0006251335144042969
0.000904083251953125