0.0025479793548583984
0.001971006393432617
0.001973867416381836
0.0043070316314697266
0.003787994384765625
0.0035400390625
0.0029430389404296875
0.003437042236328125
0.003011941909790039
0.0019080638885498047
0.002593994140625
0.0021848678588867188
0.0037429332733154297
0.0028018951416015625
0.0049359798431396484
0.002483844757080078
0.002474069595336914
0.002562999725341797
0.0036110877990722656
0.002250194549560547
0.0022149085998535156
0.0054590702056884766
0.0024530887603759766
0.002412080764770508
0.00443720817565918
0.0032761096954345703
0.004110813140869141
0.0026998519897460938
0.001981973648071289
0.002953052520751953
0.002321958541870117
0.003242015838623047
0.003461122512817383
0.0025179386138916016
0.0017161369323730469
0.0029540061950683594
0.0022280216217041016
0.006482124328613281
0.0028219223022460938
0.0036020278930664062
0.00574183464050293
0.002090930938720703
0.0019750595092773438
0.0031430721282958984
0.002040863037109375
0.004261970520019531
0.004395961761474609
0.0027511119842529297
0.0028641223907470703
0.00341796875
0.0025091171264648438
0.0020530223846435547
0.0015599727630615234
0.003175973892211914
0.005795955657958984
0.002262115478515625
0.002110004425048828
0.0021491050720214844
0.007791996002197266
0.0074841976165771484
0.005597829818725586
0.003058910369873047
0.0026450157165527344
0.0028181076049804688
0.0032279491424560547
0.002877950668334961
0.003648042678833008
0.003350973129272461
0.0027229785919189453
0.0018620491027832031
0.0033800601959228516
0.002619028091430664
0.002701997756958008
0.0038568973541259766
0.003300905227661133
0.002782106399536133
0.003053903579711914
0.003055095672607422
0.0019807815551757812
0.0027849674224853516
0.0022890567779541016
0.002729177474975586
0.0038700103759765625
0.0027709007263183594
0.0023140907287597656
0.004078865051269531
0.0027620792388916016
0.0026619434356689453
0.0021071434020996094
0.0025238990783691406
0.0019969940185546875
0.0020780563354492188
0.001986980438232422
0.0015408992767333984
0.003654003143310547
0.003329038619995117
0.002201080322265625
0.0026907920837402344
0.001708984375
0.0028879642486572266
0.002022981643676758
0.002935171127319336
0.0034580230712890625
0.0038499832153320312
0.002110004425048828
0.002619028091430664
0.003047943115234375
0.005362987518310547
0.0032129287719726562
0.003047943115234375
0.002949953079223633
0.003593921661376953
0.0037419795989990234
0.002685070037841797
0.003690958023071289
0.0030040740966796875
0.003390073776245117
0.003192901611328125
0.0019309520721435547
0.0025599002838134766
0.0017671585083007812
0.0027790069580078125
0.0019571781158447266
0.0017189979553222656
0.0020160675048828125
0.003223896026611328
0.003039121627807617
0.003741025924682617
0.0018169879913330078
0.002321004867553711
0.0023658275604248047
0.002640962600708008
0.002630949020385742
0.002995014190673828
0.003098011016845703
0.0028831958770751953
0.0020940303802490234
0.0018770694732666016
0.002816915512084961
0.001984119415283203
0.0028841495513916016
0.0026221275329589844
0.0035178661346435547
0.002237081527709961
0.004001140594482422
0.002009868621826172
0.002836942672729492
0.002994060516357422
0.003053903579711914
0.0025839805603027344
0.0037050247192382812
0.0018649101257324219
0.002424001693725586
0.002131938934326172
0.002744913101196289
0.0052318572998046875
0.003175020217895508
0.0035941600799560547
0.011965036392211914
0.0026390552520751953
0.0020339488983154297
0.0028619766235351562
0.0030670166015625
0.002782106399536133
0.002485990524291992
0.0023119449615478516
0.004641056060791016
0.0023560523986816406
0.002354860305786133
0.0025069713592529297
0.0035660266876220703
0.0031130313873291016
0.002802133560180664
0.0021440982818603516
0.005241870880126953
0.0021049976348876953
0.0020999908447265625
0.003061056137084961
0.005181074142456055
0.001940011978149414
0.004138946533203125
0.0023419857025146484
0.002627134323120117
0.0029151439666748047
0.0037021636962890625
0.0018339157104492188
0.0029740333557128906
0.0030651092529296875
0.0029489994049072266
0.006270885467529297
0.002319812774658203
0.0023450851440429688
0.001943826675415039
0.002415895462036133
0.002263784408569336
0.0019161701202392578
0.0034971237182617188
0.00566411018371582
0.0029230117797851562
0.004952907562255859
0.0023338794708251953
0.0030040740966796875
0.003933906555175781
0.003253936767578125
0.0032241344451904297
0.0028510093688964844
0.002185821533203125
0.002090930938720703
0.0027399063110351562
0.0028879642486572266
0.004036903381347656
0.002791166305541992
0.003612995147705078
0.002671957015991211
0.0025818347930908203
0.0021600723266601562
0.0027730464935302734
0.0019528865814208984
0.0027871131896972656
0.002925872802734375
0.003179788589477539
0.0026559829711914062
0.003443002700805664
0.003710031509399414
0.002340078353881836
0.002521038055419922
0.0038270950317382812
0.002599954605102539
0.0020439624786376953
0.0032660961151123047
0.0024509429931640625
0.002672910690307617
0.00450897216796875
0.002518892288208008
0.0021169185638427734
0.004044055938720703
0.0029418468475341797
0.0027048587799072266
0.002362966537475586
0.004153013229370117
0.002708911895751953
0.004335165023803711
0.0035698413848876953
0.0033941268920898438
0.009857177734375
0.0035359859466552734
0.003916025161743164
0.003186941146850586
0.0071752071380615234
0.0021779537200927734
0.0028400421142578125
0.004156827926635742
0.0028710365295410156
0.003693103790283203
0.0070209503173828125
0.003009796142578125
0.0031540393829345703
0.0035941600799560547
0.0037240982055664062
0.004956960678100586
0.002135038375854492
0.0025599002838134766
0.002888202667236328
0.0017659664154052734
0.0028238296508789062
0.0037810802459716797
0.0035190582275390625
0.002949953079223633
0.0023729801177978516
0.002087831497192383
0.003256082534790039
0.0032820701599121094
0.002878904342651367
0.005909919738769531
0.002110004425048828
0.002310037612915039
0.002218008041381836
0.002647876739501953
0.002279996871948242
0.0034101009368896484
0.0017209053039550781
0.002076864242553711
0.003715038299560547
0.0026679039001464844
0.0037741661071777344
0.0024080276489257812
0.002164125442504883
0.002167940139770508
0.0022940635681152344
0.002938985824584961
0.0025539398193359375
0.0022780895233154297
0.002730846405029297
0.003632068634033203
0.0032501220703125
0.0021500587463378906
0.005766868591308594
0.002437114715576172
0.0028510093688964844
0.0025930404663085938