0.0762789249420166
0.10450506210327148
0.02308201789855957
0.09227585792541504
0.04372406005859375
0.025802135467529297
0.2810959815979004
0.05027580261230469
0.03634190559387207
0.02390289306640625
0.0253448486328125
0.023974180221557617
0.024402856826782227
0.026498079299926758
0.02515697479248047
0.03178286552429199
0.02871108055114746
0.020766019821166992
0.031208038330078125
0.03253912925720215
0.029202938079833984
0.02272796630859375
0.016632080078125
0.029119014739990234
0.03166699409484863
0.02413797378540039
0.022587060928344727
0.023785114288330078
0.022179841995239258
0.05780601501464844
0.024554967880249023
0.022059202194213867
0.026465892791748047
0.019952058792114258
0.02103281021118164
0.0216519832611084
0.03519105911254883
0.026487112045288086
0.02038097381591797
0.029777050018310547
0.028992891311645508
0.026546001434326172
0.025767803192138672
0.028683185577392578
0.02561211585998535
0.02393507957458496
0.04434704780578613
0.04278302192687988
0.02692103385925293
0.021191120147705078
0.022943973541259766
0.03411602973937988
0.019868850708007812
0.029806137084960938
0.023691177368164062
0.023529052734375
0.02074885368347168
0.01989603042602539
0.02085590362548828
0.03245401382446289
0.020804166793823242
0.024425983428955078
0.026823043823242188
0.020659923553466797
0.021559953689575195
0.0361630916595459
0.01991891860961914
0.038507938385009766
0.025717973709106445
0.043676137924194336
0.025383949279785156
0.02116703987121582
0.03431510925292969
0.04824709892272949
0.04360198974609375
0.02496194839477539
0.0291900634765625
0.021138906478881836
0.03879094123840332
0.0365140438079834
0.027272939682006836
0.029328107833862305
0.03326988220214844
0.028649091720581055
0.028371095657348633
0.02201390266418457
0.019057035446166992
0.042181968688964844
0.03192782402038574
0.019989967346191406
0.03983497619628906
0.04374098777770996
0.02068805694580078
0.028809070587158203
0.04176211357116699
0.0231781005859375
0.021246910095214844
0.026015043258666992
0.029840946197509766
0.05689406394958496
0.029646873474121094
0.02709197998046875
0.031831979751586914
0.025960922241210938
0.03495311737060547
0.032485008239746094
0.021291017532348633
0.030125141143798828
0.05145692825317383
0.0211789608001709
0.027019977569580078
0.021179914474487305
0.01824784278869629
0.033082008361816406
0.03322196006774902
0.019412994384765625
0.02640390396118164
0.022884845733642578
0.019908905029296875
0.03582596778869629
0.02930307388305664
0.02406787872314453
0.022745132446289062
0.04361081123352051
0.020554065704345703
0.020128965377807617
0.022315025329589844
0.022001028060913086
0.02395486831665039
0.029983997344970703
0.01980304718017578
0.03280782699584961
0.027002811431884766
0.02953791618347168
0.019552230834960938
0.022211790084838867
0.02495408058166504
0.025580883026123047
0.021069049835205078
0.043006181716918945
0.028850078582763672
0.017926931381225586
0.029523134231567383
0.022172927856445312
0.018790006637573242
0.02196192741394043
0.033354997634887695
0.025552034378051758
0.03127884864807129
0.028539180755615234
0.018759965896606445
0.018168926239013672
0.021973133087158203
0.03221702575683594
0.02027583122253418
0.0190279483795166
0.035420894622802734
0.019618988037109375
0.06733202934265137
0.03681516647338867
0.028918981552124023
0.037837982177734375
0.09789586067199707
0.028847932815551758
0.021062135696411133
0.4160580635070801
0.019917011260986328
0.03511214256286621
0.03475499153137207
0.028384923934936523
0.02751302719116211
0.04694819450378418
0.02172708511352539
0.018442869186401367
0.03253793716430664
0.015295028686523438
0.027492046356201172
0.025735139846801758
0.020172119140625
0.019610881805419922
0.034304141998291016
0.03330206871032715
0.023502111434936523
0.024435997009277344
0.015496015548706055
0.023401975631713867
0.03461599349975586
0.02747201919555664
0.025975942611694336
0.07526898384094238
0.03964710235595703
0.03518199920654297
0.028989076614379883
0.04163002967834473
0.03268289566040039
0.02488398551940918
0.023612022399902344
0.06384420394897461
0.029330015182495117
0.04050111770629883
0.02236795425415039
0.030506134033203125
0.02558302879333496
0.02737903594970703
0.02238297462463379
0.024476051330566406
0.030159950256347656
0.024235010147094727
0.017355918884277344
0.032080888748168945
0.042617082595825195
0.04662489891052246
0.034803152084350586
0.026969194412231445
0.026781797409057617
0.08456707000732422
0.042752981185913086
0.02155900001525879
0.029684066772460938
0.03550100326538086
0.030512094497680664
0.029006004333496094
0.043615102767944336
0.024394989013671875
0.02973198890686035
0.02928304672241211
0.03194379806518555
0.04859495162963867
0.04599595069885254
0.05276608467102051
0.02554798126220703
0.04201912879943848
0.10981297492980957
0.023509979248046875
0.2485518455505371
0.033429861068725586
0.01975703239440918
0.024357080459594727
0.02501392364501953
0.054841041564941406
0.05855202674865723
0.04912686347961426
0.025927066802978516
0.044255971908569336
0.03225898742675781
0.026594161987304688
0.03844404220581055
0.024113893508911133
0.02676701545715332
0.02660202980041504
0.026680946350097656
0.05234193801879883
0.022407054901123047
0.03013014793395996
0.03505992889404297
0.03470301628112793
0.06633520126342773
0.04058098793029785
0.024250030517578125
0.03196382522583008
0.025492191314697266
0.06943202018737793
0.036843061447143555
0.023974180221557617
0.07725882530212402
0.033866167068481445
0.07326412200927734
0.023934125900268555
0.02932906150817871
0.026750802993774414
0.025106191635131836
0.019531965255737305
0.1013638973236084
0.02627396583557129
0.026318073272705078
0.02441692352294922
0.02882981300354004
0.03930401802062988
0.03526806831359863
0.02383279800415039
0.024836063385009766
0.10328197479248047
0.020811080932617188
0.0318450927734375
0.02792191505432129
0.023366928100585938
0.02442789077758789
0.039331912994384766
0.02163410186767578
0.018132925033569336
0.020883798599243164
0.09708189964294434
0.045549869537353516
0.03177690505981445
0.08997607231140137
0.04437708854675293
0.03313493728637695
0.04129385948181152
0.06307387351989746
0.03145408630371094